0
0
0
0
0
0
0
0
0
0
0
4.53589
1.2883
1.11083
0
0
0.753365
0
0
0.544307
0.987404
0.44984
3.70417
1.13397
1.04507
1.2883
0.298659
0.555415
0
3.14488
0.679675
0.425239
0.599787
0.376683
2.48826
0.671983
1.11326
0.301555
0.572578
2.04115
1.16568
0.740553
0.706509
0.33738
1.29021
0.926041
0.887055
1.98445
0.54408
0.609623
0.837073
2.01297
0.542563
0.821313
1.22357
0.694269
0.60311
0.776656
1.43856
0.665264
0.702142
2.03903
0.603414
0.744169
1.33983
0.949662
1.84305
0.612109
0.640226
1.333
0.691046
0.79798
1.18483
0.755429
0.812831
0.60311
1.79936
0.64415
0.976804
1.32675
0.730056
1.16568
0.853318
1.29597
0.7835
1.00089
0.805421
1.63067
1.09947
1.23645
0.736171
1.08038
0.755195
1.1581
0.60311
1.11035
0.763614
1.02015
0.910787
0.936207
