0
0
0
0
0
0
0
0
0
0
0
4.46014
1.26679
1.09228
0.951497
0.836277
1.48157
0
0
0
0.485458
1.32699
4.45171
0.743357
1.02762
0.316697
0.293672
0.81921
0.254562
1.66512
0.891101
0.836277
0.393181
1.11118
2.62147
0.330381
0
0.14826
0.844524
3.74652
0.127357
0.849551
0.926282
0.442328
1.48011
0.404701
0.484579
2.04423
0.534994
0.685078
0.658476
2.92944
0.533502
0.73418
1.27391
0.614408
0.527145
0.827328
1.47604
0.773092
0.460278
2.11636
0.755157
0.731742
1.21612
0.933804
1.71689
0.787084
0.674502
1.35443
0.339753
0.784655
1.28557
0.547337
1.02762
0.630103
1.7332
0.633393
0.926189
1.03698
0.685235
0.891498
0.652609
1.33501
0.740785
0.984175
0.933395
1.46521
0.945972
1.42725
0.801436
1.01175
0.965359
1.18722
0.830254
1.20796
0.93289
1.02541
0.851892
0.941982
