0
0
0
0
0
0
0
0
2.64135
0
0
8.91456
0
1.09158
0
0
0
0
0
1.60462
0.485146
0.442044
5.25774
0.37144
1.36928
0.316493
0.293484
0.818684
0.254399
3.56583
0.667896
0.208935
0.785857
0
2.9691
0.330169
0.468845
1.03715
0.281327
2.54065
1.27275
0.606433
0.231422
0.442044
1.69047
0.606662
0.387414
1.8572
0.712868
0.513479
0.98708
2.61107
0.456994
0.733709
1.13163
0.886908
0.921912
0.445198
1.22924
1.01032
0.689974
1.7254
0.808577
0.522338
1.11406
1.03144
1.38216
0.832848
0.674069
1.87752
0.424419
0.701609
1.1643
0.625126
1.21713
0.814905
1.69601
0.808816
0.891313
1.27033
0.554358
1.33639
0.807474
1.09158
0.74031
1.15711
0.706664
1.32613
0.64825
1.32068
0.930103
1.11221
0.841055
1.33174
0.521539
1.09111
0.886814
1.04702
0.67671
1.17672
