0
0
0
0
0
0
0
0
0
2.145
0
7.44792
0
0
0
0.837891
0
0
0
0.536251
1.45919
0
5.67675
1.11719
0.3432
0.634616
0
0
0.765161
2.86
0.669616
0.837891
0.78788
0.371108
1.57592
0.496528
0.626735
1.18837
0.705129
2.54719
0.893219
0.243198
0.696053
0.664773
0.953334
0.709594
0.388411
2.32748
1.07205
0.858001
0.49481
1.90385
0.687256
0.956277
0.921819
0.752392
0.462143
1.14774
1.29403
0.595834
0.576459
1.89724
0.756615
0.837891
1.42154
0.39394
1.76799
0.834992
0.63075
1.57592
0.76592
0.62066
1.16729
0.744248
0.991468
0.668456
1.51948
1.02244
0.859238
1.40766
0.751944
1.02082
0.591596
1.58078
0.771904
1.04408
0.878519
1.41264
0.839478
1.11222
0.932497
1.06439
0.669616
1.09241
0.784322
1.34994
0.661123
1.09439
0.809765
1.0725
