0
0
0
0
0
0
0
0
0
0
0
7.34862
1.25231
1.0798
0
0
0
0.653211
0
0
0
2.62364
5.20099
0.734862
0.338624
0.313077
0
0
0.251653
4.2328
0.220229
0.41336
0.194344
0.915399
2.59151
0.489908
0.618379
0.29313
0.417436
2.77778
0.755408
0.47991
0.343386
0.327955
2.2993
0.600114
0.766465
1.37787
0.881467
0.169312
1.05779
2.50462
0.376718
0.870947
0.979492
0.674873
0.586261
0.314566
1.82396
0.881834
0.682527
1.65172
0.63988
0.72338
1.55286
0.680203
1.69727
0.778089
0.755699
1.46852
0.503805
0.694036
1.31059
0.463784
0.902998
0.806109
1.78479
0.869659
0.746048
1.25661
0.580632
0.818359
0.798758
1.22977
0.995954
0.88708
0.726998
1.4758
0.881723
1.43706
0.996736
1.0752
0.734097
1.00599
0.703513
1.21711
1.0347
1.05776
0.777375
1.29101
