0
0
0
0
0
0
0
0
0
2.16029
1.78537
7.50102
0
0
0.960131
0
0
0
0
1.08015
0.489863
0.446342
5.71722
0
0
0.31957
0.88901
0
0.770616
2.64036
0.224796
0.210966
0.396748
0.747507
2.64526
0.666757
1.10461
1.19684
0.568125
2.43033
0.257025
0.734794
0.701015
0.557927
1.28017
0.408373
0.782361
2.43783
0.359899
0.950529
0.581394
2.47667
0.615249
0.592673
1.21405
0.344435
0.864383
0.706398
1.86179
0.840114
0.638625
1.57358
0.762008
0.474674
1.43167
0.743903
1.73247
0.654068
0.816746
1.54307
0.814235
0.750102
1.21615
0.552303
0.960131
0.748024
1.71249
0.852187
0.934593
1.62022
0.592673
1.28512
0.721248
1.19404
0.837207
1.08073
0.742075
1.22744
0.900009
1.38686
0.808708
1.22512
0.624435
1.12464
0.694166
1.35956
0.734716
0.787279
0.771455
1.03694
