0
0
0
0
0
0
0
0
2.64305
2.14087
1.76931
2.97343
1.26679
0
0.951497
0
0
0.660762
0
0
0
0.884657
4.85641
1.11504
1.02762
0.316697
0.881016
1.09228
0.254562
3.09237
0
0.627208
0.589771
0.185196
2.27194
0.825953
0.78191
0.741298
0.70377
2.54228
0.127357
0.606822
1.04207
0.221164
1.37439
0.708227
0.67841
2.60175
0.802492
0.428174
0.493857
2.4544
0.838361
1.10127
1.41545
0.614408
0.593039
0.636406
1.78355
0.713623
0.978091
1.55943
0.647277
0.731742
0.962758
0.491476
2.05073
0.555589
0.629535
1.66027
0.679506
0.578167
0.964175
0.508241
1.21792
0.630103
1.94986
0.633393
0.926189
1.03698
0.783125
0.987016
0.870146
1.24399
0.829679
1.12891
0.678833
1.79696
0.891916
1.37439
0.64632
0.910578
0.792089
1.38105
0.735368
1.11504
0.637096
0.980823
0.808205
1.15607
