0
0
0
0
0
0
0
0
0
0
3.57305
3.00235
0
1.10291
0
0.844412
0
0
0.598807
0.540424
0.98036
0.893262
4.49502
0.750588
0.691742
0.319777
0
0.551453
1.28519
1.68132
0.449884
0.844412
0.595508
0.373996
1.76465
0.500392
0.631613
1.19761
0.568493
2.83722
0.514383
0.49018
0.233823
0.334973
1.281
0.612957
0.391434
2.15794
0.810298
1.12408
0.498661
2.23844
0.615648
0.66719
1.2863
0.689316
0.199602
0.771116
1.6146
0.720565
0.929511
2.02448
1.19822
0.738861
1.63726
0.148877
1.58913
0.747991
0.590255
1.54407
0.771881
0.500392
1.29807
0.552661
1.11447
0.82336
1.71361
0.781678
0.969836
1.55372
0.626005
1.12521
0.815852
0.949724
0.747991
1.13989
0.713996
1.47947
1.03705
1.65463
0.704815
1.17483
0.949756
1.32109
0.598807
1.19625
0.850066
0.900331
0.37495
1.05923
