0
0
0
0
0
0
0
0
2.66185
2.1561
1.7819
4.49188
0
0
0.958267
0
0.746056
0
0
0
0.977824
2.22738
4.48339
0.748646
0
0
0.295762
0.550026
0.769121
2.63524
0.22436
1.26334
0.593967
0.559542
2.1121
0.332732
0.314989
0.746573
0.283511
3.77318
0.513052
0.61114
0.466436
0.445476
1.59711
0.815161
0.585632
2.33952
0.628601
0.776197
0.828951
1.99344
0.614055
0.443642
0.784037
0.343766
0.597258
1.21777
1.67236
0.838484
0.753274
1.96315
0.651883
0.473753
1.4289
0.692962
1.68108
0.792684
0.815161
1.27606
0.727112
0.665464
1.21379
0.787473
1.18825
0.671915
2.03646
0.460706
0.79459
1.01067
0.722973
1.50709
0.719848
1.19172
0.835583
0.816264
0.826093
1.41995
0.952702
1.57049
0.937322
0.815161
0.92237
1.04926
0.621148
0.982598
1.03119
1.2123
0.417977
1.22898
