0
0
0
0
0
0
0
0
2.6653
0
0
7.49616
0
0
0.959509
0
0
0
0
1.07945
0.979091
0.446053
5.71352
0.749616
0
0.319363
0.296145
0.550738
0.770117
3.1184
0.898603
0.21083
0.198246
0.373511
2.29107
1.33265
0.788493
0.74754
0.425817
3.10341
0.642146
0.734318
0.700561
0.892105
1.17273
0.510136
0.488659
1.96774
0.899165
0.604491
0.913027
2.5549
0.691707
0.518253
1.356
0.619581
0.33224
0.770117
1.73654
0.599693
0.812269
2.07802
0.707121
0.896026
1.53294
0.594737
1.29851
1.12053
0.408109
1.49801
0.556747
0.416453
1.09383
0.670219
1.11303
1.04656
1.4565
0.851635
0.933987
1.58544
0.460669
0.899004
0.846134
1.04028
0.776903
0.934081
0.713071
1.50543
0.981192
1.46592
0.782114
1.09679
0.698914
1.53928
0.693717
1.101
0.82602
0.989081
0.81501
0.82038
