0
0
0
0
0
0
0
0
0
2.16591
0
9.02462
0
0
0
0
0
0
0
0.541477
0.982271
0.447502
4.91321
1.12808
0.693091
0.320401
0.594214
0.828792
0.25754
2.16591
0.676142
0.846058
0.596669
0.374725
2.29852
0.835613
0.474633
0.899962
0.854402
1.89517
1.03077
0.491136
0.351418
0.559377
1.39046
0.511793
1.07854
1.78612
1.0825
0.866363
0.582905
2.2428
0.539742
0.742767
1.43201
0.34533
0.799966
0.708234
1.80441
0.601641
0.640285
1.91574
0.654848
0.687422
1.53792
0.497224
1.64047
0.983652
0.727884
1.14926
0.558556
0.710271
1.0161
0.632844
0.962626
1.08745
1.68041
0.712002
0.937022
1.31985
0.726261
1.22404
0.691682
1.01297
0.959295
0.995685
1.14462
1.42641
0.765629
1.49742
0.7585
0.895638
0.751269
0.882444
0.695971
1.26909
0.920782
1.05995
0.751361
1.14793
