0
0
0
0
0
0
0
0
0
0
0
8.93751
0
1.09439
0
0
0
0.662038
0
0.536251
0
0
5.27127
0.372396
1.0296
0.317308
0.588478
0.547194
0.765161
3.09834
0
0.628419
0.984849
0.371108
2.80164
0.496528
0.470052
0.594183
0.423077
2.54719
0.638014
0.486395
0.464035
0.553978
1.69482
0.202741
0.776823
1.86198
0.714703
0.514801
0.907152
2.45914
0.610894
0.588478
1.20546
0.752392
0.594183
0.892688
1.10917
0.595834
0.69175
1.78564
0.756615
0.785523
1.82769
0.689395
1.57686
0.834992
0.856018
1.7948
0.553165
0.662038
0.966036
0.861761
0.953334
0.891275
1.62802
0.775642
0.927977
1.0725
0.588478
0.988921
0.902962
1.24639
0.771904
1.2761
0.850179
1.46804
0.866558
1.0063
0.854789
0.810965
0.768818
1.09241
0.926926
1.04736
1.07148
1.09439
0.941078
0.943801
